214,24
214,23
214,22
214,21
214,20
214,19
214,18
214,17
214,16
214,15
214,14
214,13
214,12
214,11
214,10
214,9
214,8
214,7
214,6
214,5
214,4
214,3
214,2
214,1
214,0
213,3
213,2
213,1
213,0
212,3
212,2
212,1
212,0
211,3
211,2
2,3
211,1
211,0
1,3
210,3
4,3
210,2
210,1
210,0
208,3
208,2
208,1
208,0
207,3
207,2
207,1
207,0
206,3
206,2
206,1
206,0
205,3
205,2
205,1
205,0
204,3
204,2
204,1
204,0
203,5
203,4
203,3
203,2
203,1
203,0
200,3
200,2
200,1
200,0
199,3
199,2
199,1
199,0
198,8
198,7
198,6
198,5
198,4
198,3
198,2
198,1
198,0
197,3
197,2
197,1
197,0
196,4
196,3
196,2
196,1
196,0
195,5
195,4
195,3
195,2
195,1
195,0
193,4
193,3
193,2
193,1
193,0
192,3
192,2
192,1
192,0
0,413
0,300
0,411
0,299
0,410
0,298
0,435
0,297
0,409
0,296
0,408
0,295
0,407
0,294
0,434
0,293
0,406
0,292
0,405
0,291
0,404
0,290
0,433
0,289
0,403
0,288
0,402
0,287
0,401
0,286
0,432
0,285
0,400
0,284
0,399
0,283
0,398
0,282
0,431
0,281
0,397
0,280
0,396
0,279
0,395
0,278
0,430
0,277
0,394
0,276
0,393
0,275
0,392
0,274
0,429
0,273
0,389
0,272
0,388
0,271
0,428
0,270
214,25
214,26
214,28
214,29
214,31
214,32
214,34
214,36
214,37
214,64
214,65
214,67
214,69
214,70
214,72
214,73
214,75
214,76
214,78
214,80
214,81
214,83
214,84
214,86
214,88
214,89
214,91
214,92
214,94
214,95
214,97
214,99
214,100
214,102
214,103
214,105
214,107
214,108
214,110
214,111
214,113
214,114
214,116
214,118
214,128
214,130
214,131
214,133
214,135
214,136
214,138
214,139
214,141
214,143
214,144
214,146
214,147
214,149
214,150
214,152
214,154
214,155
214,157
215,0
215,2
215,4
215,5
215,7
215,8
215,10
215,11
216,1
216,3
216,4
217,1
217,2
217,4
218,0
218,1
218,3
218,4
218,6
218,7
218,9
218,11
218,12
218,14
218,15
218,17
218,19
218,20
218,22
218,23
218,25
218,24
218,21
218,18
218,16
218,13
218,10
218,8
218,5
218,2
217,5
217,3
217,0
216,2
216,0
215,9
215,6
215,3
215,1
214,156
214,153
214,151
214,148
214,145
214,142
214,140
214,137
214,134
214,132
214,129
214,117
214,115
214,112
214,109
214,106
214,104
214,101
214,98
214,96
214,93
214,90
214,87
214,85
214,82
214,79
214,77
214,74
214,71
214,68
214,66
214,38
214,35
214,33
214,30
214,27
0,387
0,269
0,386
0,268
0,385
0,267
0,438
0,266
0,384
0,265
0,383
0,264
0,382
0,263
0,427
0,262
0,381
0,261
0,380
0,260
0,379
0,259
0,378
0,258
0,377
0,257
0,417
0,256
0,376
0,255
0,375
0,254
0,374
0,253
0,391
0,252
0,373
0,251
0,372
0,250
0,371
0,249
0,390
0,248
0,370
0,247
0,369
0,246
0,368
0,245
0,367
0,244
0,366
0,242
0,365
0,241
0,364
0,240
0,424
0,239
0,363
0,238
0,362
0,237
0,361
0,236
0,360
0,235
0,359
0,234
0,436
0,233
0,358
0,232
0,357
0,231
0,356
0,230
0,423
0,229
0,355
0,228
0,354
0,227
0,353
0,226
0,422
0,225
0,352
0,224
0,351
0,223
0,350
0,222
0,421
0,221
0,349
0,220
0,348
0,219
0,347
0,218
0,420
0,217
0,346
0,216
0,345
0,215
0,344
0,214
0,419
0,213
0,343
0,212
0,342
0,211
0,341
0,210
0,418
0,209
0,340
0,208
0,339
0,207
0,338
0,206
0,337
0,205
0,336
0,204
0,335
0,203
0,334
0,202
0,333
0,201
0,332
0,200
0,331
0,199
0,330
0,198
0,329
0,197
0,328
0,196
0,327
0,195
0,326
0,194
0,325
0,193
0,323
0,192
0,322
0,63
0,416
0,62
0,321
0,61
0,320
0,60
0,319
0,59
0,415
0,58
0,318
0,57
0,317
0,56
0,316
0,55
0,315
0,54
0,414
0,53
0,314
0,52
0,313
0,51
0,312
0,50
0,311
0,49
0,310
0,48
0,309
0,47
0,308
0,46
0,307
0,45
0,301
0,6
0,5
0,304
0,303
0,306
0,305
0,302
0,12
0,10
0,8
0,11
0,4
0,2
0,3
0,7
